  873289215  325157445 2384899623  504558001
 2634878795 1020042759 1236100229  733213945
 4265314988 3809020609  957860589 1888407163
 3516185328 3444209147  119398600 1785365655
 2522083725 1435947136 4241507716 3478845833
 2515561158  749799755  250762994 1867435105
 2512782645 3377457604 4167213864 1639350161
 1861639737  429309145 3420096628 2572849990
 1463392378 2376185867 1026124122 3480079594
  546246634 1745223451  758425996 3440480744
   48772730 1586978123 1744300284 1258704886
  454430487 1448128676 3048455229  163305274
 1174099984 1821901773 3413004083 3604081671
 1846643200 3022029319 3341790872   51585006
 1488429051 1966290662  827081362 3384265360
 2135858034 2149916785 3535427476   39765923
  422773599  852781272 2108700339 3932221275
 1369219536 2917216425 2044197756 3363531716
 1700716385  875419118   75322283 2310217191
  905999291 1533900650 3417285192 3882145042
  350334663 1282592373 3768866155 2394242535
 3244998290   50786963 1816294645 4179020007
 2320994751  336787107  482849745 3269145163
 2555802480  161536646 3754872094 2889277802
   76371807 2840580808  319916094 3056003868
 1278734400 3837701325 1252662432  723381603
 2961939969 4060473010   21868979  618874329
 1850312967 3842513086 1635938787 2780281822
 3985102339 3880409147 2362499368 3968322292
  777954119  671614735 3663544171 3745424662
 4018193930 1711528184 3642590850 3904738675
 1237507332 4056510411 2574785375 3489228893
 3941596624 3817049614  784433421 1653250522
  812179900 3763566408 4092298226 2252509009
 1226930208  135462310 2293241887 3111475165
    2101761 2395463917  883586624 1581096145
  321290917  756324413 3356538523 1638193314
 2444959230 1246982041
